
Polygon 
266.0
297.0
266.0
297.0
266.0
297.0
266.0
297.0
266.0
297.0
266.0
297.0
266.0
297.0
266.0
297.0
266.0
297.0
266.0
297.0
266.0
297.0
266.0
297.0
266.0
297.0
266.0
297.0
266.0
297.0
266.0
297.0
266.0
297.0
266.0
297.0
266.0
297.0
266.0
297.0
266.0
297.0
266.0
297.0
266.0
297.0
266.0
297.0
266.0
297.0
266.0
297.0
270.0
297.0
270.0
293.0
266.0
293.0
266.0
297.0
282.0
297.0
282.0
286.0
266.0
286.0
266.0
297.0
301.0
297.0
301.0
274.0
266.0
274.0
266.0
297.0
326.0
297.0
326.0
263.0
266.0
263.0
266.0
297.0
351.0
297.0
351.0
255.0
266.0
255.0
266.0
297.0
377.0
297.0
377.0
247.0
266.0
247.0
266.0
297.0
398.0
297.0
398.0
241.0
266.0
241.0
266.0
297.0
415.0
297.0
415.0
234.0
266.0
234.0
266.0
297.0
426.0
297.0
426.0
228.0
266.0
228.0
266.0
297.0
432.0
297.0
432.0
225.0
266.0
225.0
266.0
297.0
433.0
297.0
433.0
224.0
266.0
224.0
266.0
297.0
433.0
297.0
433.0
224.0
266.0
224.0
266.0
297.0
433.0
297.0
433.0
224.0
266.0
224.0
266.0
297.0
432.0
297.0
432.0
223.0
266.0
223.0
266.0
297.0
423.0
297.0
423.0
218.0
266.0
218.0
266.0
297.0
407.0
297.0
407.0
208.0
266.0
208.0
266.0
297.0
388.0
297.0
388.0
196.0
266.0
196.0
266.0
297.0
363.0
297.0
363.0
183.0
266.0
183.0
266.0
297.0
341.0
297.0
341.0
170.0
266.0
170.0
266.0
297.0
320.0
297.0
320.0
158.0
266.0
158.0
266.0
297.0
306.0
297.0
306.0
151.0
266.0
151.0
266.0
297.0
297.0
297.0
297.0
147.0
266.0
147.0
266.0
297.0
293.0
297.0
293.0
144.0
266.0
144.0
266.0
297.0
293.0
297.0
293.0
144.0
266.0
144.0
266.0
297.0
293.0
297.0
293.0
144.0
266.0
144.0
266.0
297.0
293.0
297.0
293.0
144.0
266.0
144.0
266.0
297.0
293.0
297.0
293.0
144.0
266.0
144.0
266.0
297.0
293.0
297.0
293.0
144.0
266.0
144.0
266.0
297.0
293.0
297.0
293.0
144.0
266.0
144.0
266.0
297.0
293.0
297.0
293.0
144.0
266.0
144.0
266.0
297.0
293.0
297.0
293.0
144.0
266.0
144.0
266.0
297.0
293.0
297.0
293.0
144.0
266.0
144.0
266.0
297.0
293.0
297.0
293.0
144.0
266.0
144.0
266.0
297.0
293.0
297.0
293.0
144.0
266.0
144.0
266.0
297.0
293.0
297.0
293.0
144.0
266.0
144.0
266.0
297.0
293.0
297.0
293.0
144.0
266.0
144.0
266.0
297.0
293.0
297.0
293.0
144.0
266.0
144.0
266.0
297.0
293.0
297.0
293.0
144.0
266.0
144.0
266.0
297.0
293.0
297.0
293.0
144.0
266.0
144.0
266.0
297.0
293.0
297.0
293.0
144.0
266.0
144.0
266.0
297.0
293.0
297.0
293.0
144.0
266.0
144.0
266.0
297.0
293.0
297.0
293.0
144.0
266.0
144.0
266.0
297.0
293.0
297.0
293.0
144.0
266.0
144.0
266.0
297.0
293.0
297.0
293.0
144.0
266.0
144.0
266.0
297.0
293.0
297.0
293.0
144.0
266.0
144.0
266.0
297.0
293.0
297.0
293.0
144.0
266.0
144.0
266.0
297.0
293.0
297.0
293.0
144.0
266.0
144.0
266.0
297.0
293.0
297.0
293.0
144.0
266.0
144.0
266.0
297.0
293.0
297.0
293.0
144.0
266.0
144.0
266.0
297.0
293.0
297.0
293.0
144.0
266.0
144.0
266.0
297.0
293.0
297.0
293.0
144.0
266.0
144.0
266.0
297.0
293.0
297.0
293.0
144.0
266.0
144.0
266.0
297.0
293.0
297.0
293.0
144.0
266.0
144.0
266.0
297.0
293.0
297.0
293.0
144.0
266.0
144.0
end