dining room
Restitution:
1.0
Friction:
0.0
Gravity:
0.0
-500.0

Polygon 
4737ffff
45.0
148.0
562.0
148.0
562.0
68.0
45.0
68.0
Polygon 
7c5500ff
226.0
239.0
411.0
239.0
411.0
228.0
226.0
228.0
Polygon 
7c5500ff
234.0
229.0
239.0
229.0
239.0
147.0
234.0
147.0
Polygon 
7c5500ff
392.0
231.0
398.0
231.0
398.0
149.0
392.0
149.0
Polygon 
7c5500ff
418.0
196.0
465.0
196.0
465.0
193.0
418.0
193.0
Polygon 
7c5500ff
417.0
193.0
420.0
193.0
420.0
151.0
417.0
151.0
Polygon 
7c5500ff
462.0
193.0
466.0
193.0
466.0
151.0
462.0
151.0
Polygon 
7c5500ff
460.0
271.0
470.0
271.0
470.0
196.0
460.0
196.0
Polygon 
c2ffe6ff
267.0
257.0
318.03918
257.0
300.64426
239.59172
279.83795
239.59172
Polygon 
ffff3aff
267.0
272.0
281.0
258.0
291.0
258.0
Polygon 
ffff3aff
302.0
257.0
314.16553
257.0
319.0
269.0
315.0
272.0
Polygon 
ff1036ff
292.0
262.0
301.0
267.0
306.0
262.0
297.0
257.0
Polygon 
fff6ebff
306.0
410.0
350.037
454.0539
351.0
453.0
306.5228
408.48865
Polygon 
fff6ebff
351.0
452.0
390.4347
412.5804
390.4347
415.06516
351.23523
454.2496
Polygon 
9d6400ff
282.0
415.0
426.0
415.0
426.0
345.0
282.0
345.0
Polygon 
38ef00ff
311.0
400.0
386.0
400.0
386.0
361.0
311.0
361.0
Polygon 
3341ffff
341.0
363.0
351.0
387.0
358.0
395.0
368.0
397.0
383.0
368.0
Polygon 
fafff5ff
347.0
375.0
354.0
392.0
362.0
397.0
357.0
384.0
Polygon 
daffc7ff
84.0
408.0
204.0
408.0
204.0
301.0
84.0
301.0
Polygon 
daffc7ff
99.0
384.0
134.0
384.0
134.0
324.0
99.0
324.0
Polygon 
daffc7ff
153.0
382.0
188.0
382.0
188.0
325.0
153.0
325.0
end