forest
Restitution:
1.0
Friction:
0.0
Gravity:
0.0
-500.0

Polygon 
1e7900ff
7.0
118.0
639.0
118.0
639.0
21.0
7.0
21.0
Polygon 
005241ff
316.0
114.0
401.14694
114.0
424.0
143.0
392.0
168.0
337.0
171.0
306.0
158.0
302.0
144.0
Polygon 
005241ff
204.0
124.0
224.0
126.0
244.0
119.0
239.0
116.0
210.98215
116.0
Polygon 
005241ff
157.0
121.0
155.0
116.0
162.0
116.0
164.0
123.0
Polygon 
463c00ff
549.0
334.0
589.0
334.0
589.0
114.0
549.0
114.0
Polygon 
463c00ff
489.0
296.0
551.0
241.0
551.0
253.16553
497.0
301.0
Polygon 
463c00ff
517.0
282.0
527.0
277.0
544.0
314.0
537.0
321.0
Polygon 
fffefeff
65.0
386.0
192.0
389.0
222.0
339.0
212.0
297.0
142.0
302.0
72.0
316.0
37.0
339.0
Polygon 
fffefeff
347.0
376.0
424.0
395.0
469.0
373.0
472.0
333.0
425.0
296.0
305.0
300.0
272.0
335.0
307.0
366.0
Polygon 
fffd05ff
222.0
382.0
226.0
387.0
234.0
392.0
254.0
404.0
261.0
407.0
266.0
407.0
271.0
405.0
284.0
397.0
294.0
390.0
296.0
380.0
299.0
360.0
299.0
352.0
297.0
340.0
292.0
332.0
287.0
325.0
264.0
307.0
254.0
305.0
247.0
305.0
219.0
307.0
217.0
312.0
216.0
317.0
214.0
334.0
216.0
354.0
Polygon 
432700ff
516.0
273.0
489.0
253.0
501.0
245.0
523.0
265.0
Polygon 
432700ff
517.0
372.0
547.0
322.0
557.0
327.0
527.0
369.0
Polygon 
432700ff
536.0
361.0
491.0
336.0
496.0
334.0
533.0
351.0
Polygon 
432700ff
542.0
394.0
572.0
332.0
579.0
344.0
560.0
389.0
Polygon 
48ff2cff
495.0
261.0
483.0
258.0
483.0
253.0
493.0
251.0
Polygon 
48ff2cff
484.0
298.0
479.0
288.0
493.0
286.0
496.0
295.0
Polygon 
48ff2cff
494.0
247.0
484.0
240.0
498.0
237.0
503.0
252.0
Polygon 
48ff2cff
537.0
259.0
534.0
256.0
541.0
251.0
Polygon 
48ff2cff
526.0
353.0
513.0
336.0
523.0
334.0
528.0
338.0
Polygon 
48ff2cff
494.0
333.0
491.0
323.0
498.0
323.0
Polygon 
48ff2cff
529.0
308.0
526.0
298.0
533.0
295.0
Polygon 
48ff2cff
564.0
360.0
556.0
353.0
573.0
353.0
Polygon 
48ff2cff
527.0
366.0
525.0
363.0
529.0
361.0
Polygon 
48ff2cff
545.0
328.0
540.0
321.0
547.0
318.0
Polygon 
48ff2cff
499.0
351.0
496.0
341.0
506.0
336.0
Polygon 
48ff2cff
511.0
283.0
504.0
276.0
508.0
266.0
516.0
268.0
516.0
278.0
Polygon 
48ff2cff
554.0
394.0
554.0
379.0
564.0
371.0
564.0
381.0
Polygon 
48ff2cff
552.0
398.0
537.0
386.0
546.0
381.0
554.0
388.0
Polygon 
f6000eff
531.0
282.0
517.0
282.0
519.0
265.0
526.0
260.0
541.0
262.0
544.0
272.0
541.0
280.0
Polygon 
f6000eff
529.0
352.0
519.0
354.0
509.0
352.0
509.0
337.0
521.0
327.0
536.0
327.0
541.0
337.0
539.0
349.0
Polygon 
f6000eff
566.0
355.0
552.0
345.0
559.0
338.0
576.0
338.0
576.0
345.0
Polygon 
f6000eff
481.0
294.0
459.0
285.0
466.0
272.0
483.0
267.0
496.0
272.0
496.0
279.0
end