grief
Restitution:
1.0
Friction:
0.0
Gravity:
0.0
-500.0

Polygon 
2d007aff
298.0
291.0
286.0
288.0
281.0
281.0
281.0
268.0
288.0
258.0
310.0
251.0
328.0
251.0
338.0
258.0
343.0
273.0
343.0
278.0
331.0
288.0
315.0
293.0
Polygon 
2d007aff
338.0
253.0
378.0
163.0
413.0
178.0
350.0
268.0
Polygon 
2d007aff
375.0
163.0
341.0
138.0
341.0
123.0
360.0
123.0
423.0
163.0
415.0
176.0
Polygon 
2d007aff
343.0
84.0
343.0
123.0
363.0
124.0
361.0
84.0
Polygon 
2d007aff
316.0
212.0
364.0
239.0
373.0
224.0
321.0
199.0
Polygon 
2d007aff
308.0
262.0
310.0
210.0
327.0
207.0
325.0
262.0
Polygon 
2d007aff
268.0
225.0
260.0
220.0
258.0
213.0
260.0
206.0
268.0
203.0
275.0
210.0
275.0
215.0
273.0
225.0
Polygon 
2d007aff
270.0
220.0
317.0
220.0
317.0
208.0
270.0
208.0
Polygon 
2d007aff
305.0
219.0
345.0
244.0
355.0
234.0
315.0
209.0
Polygon 
2d007aff
307.0
259.0
307.0
263.0
309.0
271.0
314.0
273.0
326.0
276.0
329.0
276.0
331.0
271.0
332.0
261.0
329.0
259.0
322.0
256.0
Polygon 
2d007aff
316.0
70.0
341.0
80.0
361.0
82.0
361.0
68.0
Polygon 
3b0055ff
377.0
160.0
426.0
160.0
426.0
151.0
377.0
151.0
Polygon 
3b0055ff
415.0
150.0
419.0
150.0
419.0
75.0
415.0
75.0
Polygon 
3b0055ff
385.0
151.0
389.0
151.0
389.0
76.0
385.0
76.0
Polygon 
251600ff
249.0
205.0
340.0
205.0
340.0
70.0
249.0
70.0
Polygon 
002508ff
253.0
243.0
260.90417
250.90723
268.05774
250.90723
275.888
243.07997
275.888
207.88132
252.92279
207.88132
Polygon 
002508ff
259.0
260.0
266.07108
260.0
266.07108
249.78778
258.99683
249.78778
Polygon 
002508ff
506.0
90.0
506.0
76.65833
534.1987
76.65833
534.1987
82.29553
527.62537
88.866394
Polygon 
002508ff
535.0
83.0
547.04156
83.0
547.04156
74.99989
535.0
74.99989
Polygon 
002508ff
479.0
85.0
499.21988
105.22762
511.7292
92.7231
495.44296
76.42436
Polygon 
002508ff
497.0
107.0
512.0
107.0
519.0
100.0
512.0
93.0
Polygon 
002524ff
95.0
360.0
202.0
360.0
202.0
250.0
95.0
250.0
Polygon 
002524ff
115.0
350.0
190.0
350.0
190.0
260.0
115.0
260.0
Polygon 
d8feffff
128.0
338.0
130.0
338.0
128.0
335.0
Polygon 
d8feffff
160.0
342.0
162.0
339.0
157.0
339.0
Polygon 
d8feffff
145.0
323.0
147.0
325.0
150.0
321.0
Polygon 
d8feffff
179.0
303.0
184.0
305.0
182.0
301.0
Polygon 
d8feffff
130.0
296.0
132.0
296.0
130.0
291.0
Polygon 
d8feffff
163.0
291.0
165.0
291.0
165.0
288.0
Polygon 
d8feffff
177.0
328.0
179.0
329.0
179.0
326.0
Polygon 
000416ff
13.0
69.0
633.0
69.0
633.0
9.0
13.0
9.0
end